8
0.0, 0.0, 0.0; 0.5, 0.5, 0.0; 0.0, 0.5, 0.5
0.5, 0.0; 1.0, 1.0; 0.0, 1.0
blocks1.ppm
0.0, 0.0, 0.0; 0.0, 0.5, 0.5; -0.5, 0.5, 0.0
0.5, 0.0; 1.0, 1.0; 0.0, 1.0
blocks1.ppm
0.0, 0.0, 0.0; -0.5, 0.5, 0.0; 0.0, 0.5, -0.5
0.5, 0.0; 1.0, 1.0; 0.0, 1.0
blocks1.ppm
0.0, 0.0, 0.0; 0.0, 0.5, -0.5; 0.5, 0.5, 0.0
0.5, 0.0; 1.0, 1.0; 0.0, 1.0
blocks1.ppm
0.0, 1.0, 0.0; 0.0, 0.5, 0.5; 0.5, 0.5, 0.0
0.5, 1.0; 0.0, 0.0; 1.0, 0.0
grass.ppm
0.0, 1.0, 0.0; 0.5, 0.5, 0.0; 0.0, 0.5, -0.5
0.5, 1.0; 0.0, 0.0; 1.0, 0.0
grass.ppm
0.0, 1.0, 0.0; 0.0, 0.5, -0.5; -0.5, 0.5, 0.0
0.5, 1.0; 0.0, 0.0; 1.0, 0.0
grass.ppm
0.0, 1.0, 0.0; -0.5, 0.5, 0.0; 0.0, 0.5, 0.5
0.5, 1.0; 0.0, 0.0; 1.0, 0.0
grass.ppm
