12
-10.0, 0.0, -10.0; -10.0, 0.0, 10.0; 10.0, 0.0, 10.0
0.0, 1.0; 0.0, 0.0; 1.0, 0.0
blocks1.ppm
10.0, 0.0, 10.0; 10.0, 0.0, -10.0; -10.0, 0.0, -10.0
1.0, 0.0; 1.0, 1.0; 0.0, 1.0
blocks1.ppm
-10.0, 20.0, -10.0; -10.0, 0.0, -10.0; 10.0, 0.0, -10.0
0.0, 1.0; 0.0, 0.0; 1.0, 0.0
blocks1.ppm
10.0, 0.0, -10.0; 10.0, 20.0, -10.0; -10.0, 20.0, -10.0
1.0, 0.0; 1.0, 1.0; 0.0, 1.0
blocks1.ppm
-10.0, 20.0, 10.0; -10.0, 20.0, -10.0; 10.0, 20.0, -10.0
0.0, 1.0; 0.0, 0.0; 1.0, 0.0
blocks1.ppm
10.0, 20.0, -10.0; 10.0, 20.0, 10.0; -10.0, 20.0, 10.0
1.0, 0.0; 1.0, 1.0; 0.0, 1.0
blocks1.ppm
10.0, 20.0, 10.0; 10.0, 0.0, 10.0; -10.0, 0.0, 10.0
0.0, 1.0; 0.0, 0.0; 1.0, 0.0
blocks1.ppm
-10.0, 0.0, 10.0; -10.0, 20.0, 10.0; 10.0, 20.0, 10.0
1.0, 0.0; 1.0, 1.0; 0.0, 1.0
blocks1.ppm
10.0, 20.0, -10.0; 10.0, 0.0, -10.0; 10.0, 0.0, 10.0
0.0, 1.0; 0.0, 0.0; 1.0, 0.0
blocks1.ppm
10.0, 0.0, 10.0; 10.0, 20.0, 10.0; 10.0, 20.0, -10.0
1.0, 0.0; 1.0, 1.0; 0.0, 1.0
blocks1.ppm
-10.0, 20.0, 10.0; -10.0, 0.0, 10.0; -10.0, 0.0, -10.0
0.0, 1.0; 0.0, 0.0; 1.0, 0.0
blocks1.ppm
-10.0, 0.0, -10.0; -10.0, 20.0, -10.0; -10.0, 20.0, 10.0
1.0, 0.0; 1.0, 1.0; 0.0, 1.0
blocks1.ppm
